45 00 00 30 00 00 40 00 3F 84 85 E2 0A 1E 50 2A 0A 1E 51 76 36 B2 36 B2 00 00 12 5A 3F 28 13 78 04 00 00 10 00 01 00 0C F2 74 34 CF FD 07 00 00
45 00 00 30 AF A0 00 00 40 84 15 42 0A 1E 51 76 0A 1E 50 2A 36 B2 36 B2 6F 7E 99 E5 56 08 59 5C 05 50 00 10 00 01 00 0C FF 75 34 CF FD 07 00 00
45 00 00 30 67 57 00 00 40 84 5D 8C 0A 1E 51 76 0A 1E 50 2A 36 B1 36 B1 5A 66 63 A2 BE BF F8 3E 05 00 00 10 00 01 00 0C CC A3 34 CF F9 07 00 00
45 00 00 58 0F F9 00 00 40 84 B4 C1 0A 1E 51 76 0A 1E 50 2A 36 B2 36 B2 6F 7E 99 E5 0F 9F 04 19 
45 00 00 6C 00 00 40 00 3F 84 85 93 0A 1E 50 2A 0A 1E 51 76 36 B2 36 B2 00 00 12 5A 54 CC 4E 68 03 00 00 10 00 0C 46 BA 00 07 A1 20 00 00 00 00 00 83 00 3C 1F 12 41 5F 00 01 F4 55 00 00 00 04 01 00 08 08 00 00 00 2C 00 06 00 08 00 00 00 02 01 07 00 08 00 00 00 00 01 05 00 08 00 00 01 6B 01 0B 00 09 01 00 02 03 2A 00 00 00
45 00 00 5C 88 A7 00 00 40 84 3C 10 0A 1E 51 76 0A 1E 50 2A 36 B1 36 B1 5A 66 63 A2 DD EA 95 5D 00 03 00 3C 00 01 B3 77 00 01 D8 0B 00 00 00 04 01 00 08 08 00 00 00 2C 00 06 00 08 00 6B 00 01 01 07 00 08 00 00 00 00 01 05 00 08 09 B7 00 E9 01 0B 00 09 01 00 02 05 1B AA AA AA
45 00 00 30 8A 3D 00 00 40 84 3A A6 0A 1E 51 76 0A 1E 50 2A 36 B1 36 B1 5A 66 63 A2 2F A5 E0 3D 05 00 00 10 00 01 00 0C AD CC 34 CF F9 07 00 00
45 00 00 30 9B F0 00 00 40 84 28 F3 0A 1E 51 76 0A 1E 50 2A 36 B1 36 B1 5A 66 63 A2 77 B8 38 52 03 00 25 73 66 ED 3A 95 00 00 0F D4 00 00 00 00
45 00 00 5C 9E E5 00 00 40 84 25 D2 0A 1E 51 76 0A 1E 50 2A 36 B1 36 B1 5A 66 63 A2 78 C4 EB 61 00 03 00 3C 00 01 B4 B5 00 50 D8 BF 00 00 00 04 4D 00 08 08 00 00 00 2C 00 06 9B 08 00 00 00 01 01 07 00 08 00 00 00 00 01 05 00 08 0B E7 00 E9 01 0B 00 09 01 00 02 05 5B 00 00 00
45 00 00 30 B4 5E 00 00 40 84 10 85 0A 1E 51 76 0A 1E 50 2A 36 B1 36 B1 5A 66 63 A2 8D 51 F8 05 05 00 00 10 00 01 00 0C 05 02 35 AA AA AA AA AA
45 00 00 AC B7 5C 00 00 40 84 0D 0B 0A 1E 51 76 0A 1E 50 2A 36 B1 36 B1 5A 66 63 A2 35 C5 A2 A5 00 03 00 8C 00 01 B6 27 00 02 D8 EA 00 00 00 04 01 00 08 01 00 00 00 7C 00 06 00 08 00 00 00 01 01 15 00 08 00 00 00 02 01 04 00 08 00 00 00 0F 01 03 00 18 00 02 00 03 80 03 00 08 00 00 00 DE 80 02 00 08 00 00 1C EA 01 16 00 08 00 00 00 0F 01 02 00 18 04 02 00 03 80 03 F1 08 00 00 00 DE 80 02 00 08 00 00 1B 79 01 0B 00 22 00 1C 57 05 08 00 73 26 53 00 01 00 78 17 0F 05 08 71 73 26 53 00 01 33 05 F4 8A 72 D9 F9 00 00
45 00 00 70 00 00 40 00 40 84 84 A2 0A 1E 50 2A 0A 1E 51 76 36 B2 36 B2 00 00 12 5A 84 BE C5 68 03 00 00 10 00 0C 4E B2 20 07 A1 20 00 00 00 00 00 03 00 40 1F 12 4B 24 00 01 FE 1A 00 00 00 04 01 00 08 02 00 00 00 30 00 06 00 08 00 00 00 02 01 15 40 08 00 00 00 02 41 05 00 08 00 00 01 5E 01 04 00 08 00 46 00 EA 01 16 00 08 00 00 00 00
45 00 00 70 00 00 40 00 40 84 84 A3 0A 1E 50 2A 0A 1E 51 76 36 B1 36 B1 00 00 1A 32 F2 A1 C9 45 03 00 00 10 00 01 B9 63 00 07 A1 20 00 00 00 00 00 03 00 40 66 ED 40 CE 00 01 32 17 00 00 00 04 01 00 08 02 00 00 00 30 00 06 00 08 00 00 00 01 01 15 00 08 00 00 00 02 01 05 00 08 00 00 00 76 01 04 00 08 69 EA 00 EA 01 16 00 08 00 00 00 00
45 00 00 6C 00 00 40 00 40 84 84 A7 0A 1E 50 2A 0A 1E 51 76 36 B1 36 B1 00 00 1A 32 F0 BD 28 C5 03 00 00 10 00 01 B9 E2 00 07 A1 20 00 00 00 00 00 03 00 3C 66 ED 41 72 00 01 32 BB 00 00 00 04 01 00 08 08 00 00 00 2C 00 06 00 08 00 00 00 01 C8 07 00 08 00 00 00 00 01 05 00 08 00 00 00 21 01 0B 00 0A 00 04 20 04 01 09 00 00
45 00 00 30 00 00 40 00 3F 84 85 E2 0A 1E 50 2A 0A 1E 51 76 36 B2 36 B2 00 00 12 5A 65 DE 6E BD 03 00 00 10 00 0C 55 9E 00 07 A1 20 00 00 00 00
45 00 00 30 00 00 40 00 40 84 84 E3 0A 1E 50 2A 0A 1E 51 76 36 B1 36 B1 00 00 1A 32 98 62 DF 5A 04 00 00 10 00 01 00 0C 69 95 35 6A 58 07 00 00
