2
00:0c:85:0e:cc:ff
1
80:0c:85:0e:a5:ff
2
1
2
1
2
1
2
00:0c:85:0e:a5:65
2
1
00:0c:86:1c:59:08
1
2
1
2
2
1
2
1
2
1
2
1
1
1
2
1
2
1
2
1
2
1
2
1
2
1
2
2
2
2
1
1
2
2
1
1
2
2
2
1
2
1
2
2
1
2
00:0c:66:0e:a5:ff
2
1
2
1
2
2
2
1
1
2
2
1
2
1
2
1
1
1
2
2
1
1
1
1
1
08:0c:85:0e:a5:ff
1
1
1
1
1
40:0c:85:0e:a5:ff
1
1
1
1
1
1
1
1
1
2
1
1
1
1
2
1
1
1
1
1
1
00:0c:85:0e:33:ff
2
00:0c:85:0e:a5:fd
2
2
2
25:73:00:1c:48:08
2
2
2
2
2
2
2
1
1
1
1
1
1
1
1
1
1
1
25:73:00:0e:a5:ff
1
1
1
1
00:0c:85:0e:26:ff
1
1
1
2
1
00:0c:85:0e:a5:70
1
1
2
1
1
1
1
00:0c:85:0e:a5:12
1
1
1
2
00:0c:86:7e:48:08
2
2
2
00:0c:86:1c:48:49
2
2
2
2
2
2
2
2
2
c9:0c:86:1c:48:08
2
2
2
2
1
10:0c:85:0e:a5:ff
2
2
2
1
1
00:0c:8e:1c:48:30
1
00:0c:86:38:48:08
2
2
1
1
1
2
1
4c:0c:86:1c:48:0c
1
2
2
2
1
1
2
2
2
1
1
2
1
2
1
00:0c:86:e2:48:08
1
2
1
1
2
1
1
2
1
2
2
2
1
1
2
2
2
1
1
2
2
2
1
1
2
1
1
2
2
2
1
2
2
6a:0c:86:1c:48:08
2
1
00:0c:86:1c:a9:08
2
2
1
01:0c:85:0e:a5:ff
2
2
2
1
00:0c:85:0a:a5:ff
2
2
2
1
1
2
1
1
00:25:73:00:48:08
2
2
2
1
1
2
2
2
1
1
2
2
2
1
1
2
2
2
00:0c:85:0e:e5:ff
73:00:86:1c:48:08
2
1
1
2
2
2
1
1
2
2
2
1
1
2
2
2
1
00:0c:86:8f:48:08
2
2
1
2
1
1
2
1
1
2
2
2
1
2
2
1
2
2
1
1
2
2
00:0c:87:0e:a5:ff
1
2
1
1
2
2
1
1
1
2
2
1
2
2
2
00:0c:85:0e:a5:7f
1
2
02:0c:86:1c:48:08
2
2
2
1
1
2
00:4c:86:1c:48:08
2
1
1
2
2
1
2
2
2
1
1
2
2
1
1
2
1
1
2
2
2
1
1
2
1
2
2
00:0c:25:73:00:08
1
1
2
2
2
1
1
2
2
2
1
1
2
2
1
1
2
2
1
6a:0c:85:0e:a5:ff
2
00:0c:86:1c:48:88
2
00:0c:85:0e:a4:ff
2
2
2
1
2
2
00:0c:85:0e:a5:6e
00:0c:86:42:48:08
2
1
1
2
2
2
2
2
1
1
00:e7:86:1c:48:08
2
1
1
2
2
2
25:73:00:0e:a5:ff
1
2
2
2
1
1
2
2
2
2
2
1
2
2
1
1
2
00:0c:1f:1c:48:08
2
1
1
2
2
1
1
2
1
1
2
2
2
1
2
00:0c:06:1c:48:08
1
2
2
1
2
1
2
1
2
2
2
1
1
2
1
2
1
2
2
1
1
2
1
1
2
1
2
1
1
a5:0c:86:1c:48:08
1
00:0c:86:e2:48:08
1
2
1
2
2
1
1
2
00:0c:85:95:a5:ff
1
2
1
2
1
2
00:0c:85:5a:a5:ff
1
2
1
2
2
1
00:0c:86:1c:48:18
1
1
2
1
2
1
1
2
00:8c:86:1c:48:08
2
1
1
2
1
2
1
2
1
2
1
1
2
1
00:0c:85:0e:a5:30
1
1
1
1
1
1
1
1
1
1
1
2
2
2
2
2
1
1
1
1
1
1
1
2
1
1
1
1
1
1
1
00:0c:85:0e:a5:df
1
1
1
1
1
1
00:0c:85:0e:59:ff
1
1
1
1
1
2
1
1
1
00:aa:85:0e:a5:ff
1
1
1
1
2
2
2
2
2
00:0c:86:0c:48:08
2
2
2
00:0c:86:1c:12:08
2
2
2
2
2
2
1
1
1
1
1
1
1
1
1
1
1
1
1
1
1
1
1
1
1
1
1
1
1
1
1
04:0c:85:0e:a5:ff
1
1
2
1
1
2
1
1
00:0c:85:0f:a5:ff
1
1
1
1
2
2
2
2
2
2
00:0c:86:1c:79:a8
2
2
2
2
2
2
2
2
2
2
2
1
00:0c:45:0e:a5:ff
1
1
2
2
1
00:0c:53:0e:a5:ff
1
1
1
2
00:0c:69:1c:48:08
2
2
1
2
73:00:85:0e:a5:ff
2
2
1
1
1
2
2
1
1
1
2
1
2
00:0c:85:74:75:ff
00:0c:91:0e:a5:ff
00:0c:85:0e:a5:66
2
2
1
1
2
1
1
1
1
00:50:85:0e:a5:ff
2
2
1
1
2
2
2
1
1
1
2
2
1
1
1
2
2
1
00:25:73:00:4f:ff
2
2
1
1
2
00:0c:0f:0e:a5:ff
2
1
2
1
2
1
1
2
1
1
2
00:0c:85:0e:97:ff
2
1
2
08:0c:86:1c:48:08
2
1
2
1
2
1
2
1
1
08:0c:85:0e:a5:ff
2
1
2
1
2
1
2
1
2
2
2
1
1
00:0c:86:1c:7d:08
00:0c:86:3c:48:08
2
1
2
1
2
1
2
1
2
1
00:0c:86:41:48:08
1
2
1
2
1
2
1
2
1
2
2
1
2
1
2
1
1
1
2
2
1
2
1
2
1
2
2
2
1
2
1
2
1
73:00:86:1c:48:08
1
2
1
2
1
2
1
1
2
2
1
2
1
2
1
2
1
2
1
1
2
1
2
1
2
1
2
1
2
1
1
2
1
2
2
2
00:0c:85:0e:a5:33
2
1
2
1
1
2
1
2
1
2
00:25:73:00:48:08
1
00:0c:86:1c:ba:08
1
2
73:00:85:0e:a5:ff
2
2
2
2
1
2
1
2
00:77:85:0e:a5:ff
2
1
2
1
2
25:73:49:0e:a5:ff
2
2
1
6c:0c:86:1c:48:08
2
1
2
1
2
2
2
1
2
1
2
1
2
1
2
2
1
1
2
1
2
2
1
1
1
2
1
2
1
2
1
2
1
00:2c:86:1c:48:08
1
00:0c:86:25:73:00
1
2
1
2
2
2
1
2
1
2
1
2
1
2
1
00:0c:38:1c:48:08
1
2
1
2
25:73:00:0e:a5:ff
1
2
1
2
1
2
1
2
1
2
1
1
2
1
2
1
2
00:0c:85:0e:b5:ff
2
1
2
1
2
61:0c:85:0e:a5:ff
2
1
1
1
1
2
1
2
1
2
1
1
00:0c:95:0e:a5:ff
2
1
1
1
2
1
2
1
2
1
2
1
2
1
2
1
2
1
2
1
00:0c:86:58:48:08
2
1
2
2
1
2
2
2
2
1
2
2
1
1
2
2
1
1
2
2
2
1
1
00:0c:71:1c:48:08
2
2
2
2
1
1
2
1
1
2
2
2
00:0c:48:1c:48:08
1
2
2
2
1
1
1
1
1
1
1
1
1
1
1
1
1
1
1
1
1
1
1
1
1
1
1
00:0c:85:25:73:00
1
1
1
2
1
1
00:0c:85:0e:a5:4f
1
1
1
2
00:b3:85:0e:a5:ff
1
1
1
2
2
2
2
2
2
2
00:08:86:1c:48:08
2
00:0d:86:1c:48:08
2
2
00:0c:5a:1c:48:08
2
45:0c:86:1c:48:08
2
2
00:0c:85:5a:a5:ff
1
1
1
1
1
1
00:2c:85:0e:a5:ff
1
1
7f:0c:85:0e:a5:ff
1
1
1
1
1
1
1
1
1
1
1
1
1
1
1
1
1
1
1
1
1
1
1
1
1
00:0c:86:36:48:08
1
1
1
1
2
2
00:0c:86:6b:48:08
2
2
2
2
2
2
2
2
2
2
2
2
2
40:0c:86:1c:48:08
1
34:0c:85:0e:a5:ff
1
1
1
1
1
00:0c:85:4e:a5:ff
00:be:85:0e:a5:ff
1
00:0c:85:0e:a5:7e
1
1
1
1
1
00:2c:85:0e:a5:ff
1
1
1
1
1
1
1
00:0c:85:0e:6a:ff
1
1
1
1
1
1
1
1
1
1
1
00:0c:86:1c:48:ec
1
00:0c:85:6e:a5:ff
1
1
2
2
2
2
2
2
2
2
2
2
2
2
2
2
2
2
2
00:0c:86:1c:48:e4
1
1
1
1
1
1
1
1
1
1
1
1
1
00:0c:6c:0e:a5:ff
1
00:0c:92:0e:a5:ff
1
1
1
1
1
1
1
1
1
1
1
42:0c:41:0e:a5:ff
1
2
1
1
00:25:73:00:a5:ff
1
1
2
2
2
2
2
2
2
2
2
2
2
00:0c:86:1c:4c:08
00:0c:76:1c:48:08
2
1
1
1
1
1
1
1
1
1
1
00:08:85:0e:a5:ff
1
1
00:0c:85:13:6f:ff
1
1
1
1
1
1
1
1
1
2
1
1
1
1
2
1
1
1
1
2
2
00:25:73:00:48:08
2
2
11:0c:86:1c:48:08
2
2
00:ce:86:1c:48:08
2
2
2
2
2
2
1
1
1
1
1
1
1
1
1
1
1
1
00:0c:9e:0e:a5:ff
1
1
1
1
1
1
1
1
1
1
1
2
1
1
00:0c:85:0e:cf:ff
1
2
1
00:0c:e6:0e:a5:ff
1
1
1
1
1
2
2
2
2
2
00:0c:8e:1c:48:08
2
2
2
2
00:2d:86:1c:48:08
2
2
2
2
2
2
2
2
1
1
00:0c:85:0e:a5:63
00:0c:86:1e:48:08
1
1
2
2
2
1
1
2
2
1
1
1
00:0c:06:1c:48:08
1
1
00:55:85:0e:a5:ff
2
2
1
1
1
2
1
1
1
2
2
1
2
2
1
2
1
1
2
00:0c:25:73:00:08
1
1
1
2
00:0c:86:1c:48:0c
2
1
1
2
2
1
00:0c:b0:0e:a5:ff
1
2
2
1
1
00:0c:85:0e:85:ff
2
2
1
1
1
2
1
80:0c:85:0e:a5:ff
2
2
83:0c:85:0e:a5:ff
1
1
2
1
1
2
00:0c:86:25:73:00
1
2
2
1
1
2
2
1
1
1
2
2
1
25:73:00:0e:a5:ff
1
2
1
1
1
2
2
1
1
1
1
1
00:0c:85:0e:6f:ff
1
1
00:0c:85:70:a5:ff
2
80:0c:86:1c:48:08
2
2
2
2
1
00:0c:c5:0e:a5:ff
1
1
1
1
1
1
2
2
2
1
1
2
2
1
1
2
1
1
1
1
2
2
bf:0c:85:0e:a5:ff
1
1
2
2
1
73:00:85:0e:a5:ff
1
1
00:25:73:00:a5:ff
1
00:0e:85:0e:a5:ff
1
2
2
00:0c:86:1c:66:08
00:4c:86:1c:48:08
1
1
1
1
2
2
2
2
1
1
1
2
2
04:0c:85:0e:a5:ff
1
1
1
1
1
1
1
1
2
2
2
1
1
1
2
2
1
1
2
2
1
10:0c:85:0e:a5:ff
2
2
00:0c:5a:0e:a5:ff
1
1
2
2
1
1
1
1
1
1
1
1
1
1
1
1
1
1
1
1
1
1
1
00:0c:81:0e:a5:ff
1
1
1
1
1
1
1
1
1
1
1
1
1
1
2
1
1
2
2
2
2
20:0c:86:1c:48:08
2
2
2
2
2
2
2
2
2
2
2
2
2
2
1
1
1
00:0c:6f:0e:a5:ff
1
1
1
00:0c:85:0e:a5:6a
1
1
1
1
1
1
00:2c:85:0e:a5:ff
00:0c:9f:0e:a5:ff
1
1
1
1
1
1
1
1
2
1
1
1
2
1
1
1
1
1
00:72:85:0e:a5:ff
2
2
2
2
2
00:0c:86:1c:e4:08
2
2
2
2
2
2
2
2
2
1
1
1
1
1
1
1
1
1
00:0c:85:4e:a5:ff
1
1
1
00:0c:85:0e:a5:bf
2
2
2
2
2
2
2
2
00:0c:95:0e:a5:ff
1
1
1
1
00:36:85:0e:a5:ff
1
1
1
1
73:01:85:0e:a5:ff
1
1
1
1
1
1
1
1
1
1
1
1
1
2
2
2
2
00:0c:86:1c:48:18
2
2
2
2
2
2
1
1
1
1
1
1
1
1
1
1
1
00:0c:86:25:73:00
2
00:0c:86:1c:4c:08
2
1
1
2
1
1
1
1
1
1
1
1
1
1
1
1
1
1
1
1
1
1
1
1
1
1
00:0c:85:0e:a7:ff
1
1
1
2
1
1
1
2
1
1
1
00:0c:86:1c:48:45
2
00:0c:86:1c:32:08
2
2
2
2
2
2
2
2
17:0c:86:1c:48:08
2
2
2
2
00:0c:85:ea:a5:ff
1
1
1
1
1
2
2
2
2
1
1
1
1
1
1
00:c0:85:0e:a5:ff
1
1
1
00:0c:25:73:00:ff
1
00:0c:85:0e:a5:6b
1
1
1
1
1
1
02:0c:85:0e:a5:ff
1
2
1
1
1
2
1
1
2
2
2
2
2
2
2
2
2
2
2
2
1
1
1
1
1
1
1
1
1
1
1
1
1
1
1
1
00:0c:85:0e:61:ff
1
1
1
1
1
1
1
2
1
1
1
1
1
00:0c:85:59:a5:ff
2
1
1
00:0c:85:0e:a5:7f
00:2c:86:1c:48:24
2
00:0c:dc:1c:48:08
2
2
2
2
2
2
00:0c:86:3c:48:08
2
2
2
2
2
00:0c:86:1c:42:08
2
1
00:0c:85:38:a5:ff
1
1
2
2
00:53:86:1c:48:08
2
1
1
1
1
1
1
1
1
1
1
1
1
1
1
1
1
00:0c:6c:0e:a5:ff
1
1
1
1
1
1
1
1
1
1
2
1
1
2
2
2
2
2
2
2
2
2
2
2
2
2
00:0c:86:1c:49:08
2
08:0c:86:1c:48:08
2
1
1
1
1
1
2
2
1
1
1
1
1
00:0c:85:0e:a5:ef
1
1
1
1
00:49:85:0e:a5:ff
1
1
1
1
2
2
2
2
00:0c:86:25:73:00
00:74:86:1c:48:08
2
2
2
2
1
1
1
00:0c:85:73:a5:ff
1
1
1
1
1
1
1
2
2
2
2
2
00:0c:85:0e:ed:ff
1
1
1
1
2
2
2
1
1
1
1
1
1
1
1
00:0d:85:0e:a5:ff
00:f0:85:0e:a5:ff
1
1
1
1
1
1
1
1
1
1
1
1
2
1
1
2
1
2
2
2
2
00:0c:86:1c:48:4f
2
2
2
2
2
2
00:0c:86:1c:48:5d
1
1
1
1
1
1
1
1
1
1
1
1
1
1
1
1
1
1
1
1
1
1
1
1
1
1
1
1
1
2
1
1
1
1
2
2
2
00:0c:b2:1c:48:08
2
2
2
2
2
2
2
2
2
2
2
2
2
1
1
1
1
1
00:37:85:0e:a5:ff
1
1
1
1
1
1
1
1
1
1
1
00:0c:25:73:00:ff
1
1
1
1
1
1
1
1
00:0c:85:0e:74:ff
00:49:85:0e:a5:ff
1
1
00:0c:85:52:a5:ff
1
1
2
1
1
1
1
1
2
00:0c:86:1c:48:1d
2
2
2
2
2
2
2
2
2
2
2
2
2
2
2
00:d5:86:1c:48:08
2
1
1
1
1
1
1
1
1
1
1
1
1
1
1
00:0c:85:3f:a5:ff
1
1
1
1
1
1
1
1
1
1
1
39:0c:85:0e:a5:ff
1
1
1
1
1
1
1
1
2
1
2
2
2
2
2
2
2
2
2
2
2
2
2
2
2
2
2
2
2
1
1
1
1
1
1
1
2
2
2
2
1
1
1
1
1
1
00:0c:85:0e:dc:ff
1
1
1
1
1
1
1
1
2
2
6d:0c:86:1c:48:08
2
2
2
2
1
1
1
1
1
1
1
1
1
1
2
2
2
2
2
2
1
1
1
1
2
2
2
2
1
1
1
1
00:0c:85:0e:a4:ff
1
1
1
1
1
1
1
1
1
1
1
1
00:0c:63:0e:a5:ff
2
2
2
2
2
2
2
2
2
2
1
00:5a:85:0e:a5:ff
1
1
1
1
00:0c:86:1c:7a:08
2
1
1
2
1
1
1
1
1
31:0c:85:0e:a5:ff
1
1
1
1
1
00:0c:85:0e:a5:50
1
1
2
2
2
2
2
2
2
1
1
1
1
1
1
1
1
1
1
1
1
1
2
2
2
2
2
2
2
2
2
1
1
2
2
1
1
1
1
1
1
00:0c:85:66:a5:ff
1
1
1
1
1
2
2
2
2
2
2
1
1
1
1
77:0c:85:0e:a5:ff
1
25:73:00:0e:a5:ff
1
1
1
1
1
1
1
1
1
1
1
1
2
2
2
00:0c:47:1c:48:08
2
2
2
00:0c:86:88:48:08
2
2
2
2
2
1
1
1
1
1
1
1
1
1
1
1
1
1
1
2
2
2
00:0c:e9:1c:48:08
2
2
2
2
1
1
2
2
1
1
1
1
1
1
1
1
1
1
1
1
1
1
1
2
2
2
2
2
2
00:0c:82:1c:48:08
2
2
2
2
1
1
1
1
1
1
1
1
00:25:73:00:a5:ff
1
1
1
1
1
1
1
2
2
2
2
2
2
2
2
1
1
1
1
1
1
00:0c:85:ae:a5:ff
1
1
1
1
1
1
1
1
1
2
2
2
2
2
00:0c:82:1c:48:08
2
00:0c:41:1c:48:08
2
2
1
1
1
1
1
00:0c:85:0e:a1:ff
1
1
1
1
1
1
1
1
1
2
00:0c:86:1c:48:43
2
2
2
2
1
1
1
1
1
1
1
1
1
1
25:73:00:0e:a5:ff
1
1
1
1
1
1
2
2
2
2
2
2
2
2
1
1
1
1
1
1
1
1
1
1
1
1
1
1
00:67:85:0e:a5:ff
1
00:a8:86:1c:48:08
2
2
2
2
00:0c:86:26:48:08
2
2
2
2
1
1
1
1
1
1
1
1
00:0c:95:0e:a5:ff
00:4c:85:0e:a5:ff
1
1
1
30:0c:85:0e:a5:ff
1
1
2
2
2
2
2
2
2
1
1
00:0c:47:0e:a5:ff
1
1
1
1
1
1
1
1
1
32:0c:85:0e:a5:ff
1
1
1
1
1
2
2
2
2
2
2
2
1
1
1
1
1
1
1
1
1
1
1
1
1
1
1
1
00:0c:86:5a:48:08
2
2
2
2
2
00:0c:86:1c:89:08
00:0c:25:73:00:08
2
2
1
1
1
1
1
1
1
1
1
1
1
1
1
1
1
1
1
1
1
1
1
2
2
2
00:0c:4a:1c:48:08
2
2
2
2
2
2
00:71:86:1c:48:08
1
1
1
1
1
1
1
1
1
1
1
1
2
2
2
2
2
2
00:0c:f6:0e:a5:ff
1
2
1
1
1
1
1
1
fa:0c:85:14:a5:ff
1
1
1
00:0c:85:39:a5:ff
1
1
1
1
00:51:85:0e:a5:ff
39:0c:86:1c:48:08
2
00:0c:68:1c:48:08
2
2
2
00:0c:86:65:48:08
2
1
1
1
1
1
1
1
1
1
1
1
1
1
1
2
2
2
2
2
2
2
73:00:86:1c:48:08
1
1
1
2
1
1
1
00:0c:85:0e:a5:cd
00:0c:85:0e:a5:71
00:6f:85:0e:a5:ff
1
1
1
1
1
1
1
1
1
1
1
1
1
2
2
2
2
2
2
2
2
1
00:0c:85:1e:a5:ff
1
1
00:0c:85:2e:a5:ff
1
1
1
1
1
1
1
1
1
2
2
2
00:0c:86:1c:6b:08
2
2
2
2
1
1
2
1
1
1
1
1
1
1
1
1
1
1
1
1
1
1
1
1
1
1
1
1
1
1
1
2
1
1
1
2
1
1
1
1
2
2
2
2
2
2
00:0c:86:1c:36:08
2
2
2
2
2
2
2
00:49:86:1c:48:08
2
1
1
00:77:86:1c:48:08
1
1
1
1
1
1
1
1
1
1
1
1
1
1
1
1
1
1
39:0c:85:0e:a5:ff
1
00:0c:85:0e:a5:66
1
1
1
1
2
1
1
1
1
1
1
1
2
2
2
2
2
2
00:0c:86:1c:48:48
2
2
2
2
2
2
2
2
2
2
1
08:0c:85:0e:a5:ff
2
1
00:d3:85:0e:a5:ff
1
1
1
1
1
1
1
00:31:85:4e:a5:ff
1
1
1
1
00:0c:46:0e:a5:ff
1
1
1
1
1
00:0c:a5:0e:a5:ff
1
1
1
1
2
1
1
1
1
1
2
2
2
2
2
2
2
2
2
2
2
2
2
2
2
2
2
2
2
2
1
1
1
1
1
1
1
00:0c:56:0e:a5:ff
1
1
00:0c:25:73:00:ff
1
1
1
00:0c:85:0e:a5:f7
1
1
00:0c:85:0e:a5:70
1
a2:0c:85:0e:a5:ff
1
1
00:0c:c5:0e:a5:ff
1
2
2
2
2
2
00:0c:86:1c:48:28
2
00:25:73:00:48:08
2
2
2
1
1
00:72:85:0e:a5:ff
1
1
1
1
00:0c:85:6b:a5:ff
1
1
1
1
1
1
2
2
2
2
2
2
1
00:0c:85:0e:a5:df
00:0c:c5:0e:a5:ff
1
00:d2:67:0e:a5:ff
00:0c:17:0e:a5:ff
1
1
1
1
1
1
1
1
1
1
1
1
1
1
1
2
2
00:0c:86:52:48:08
2
2
2
2
2
2
00:4e:86:1c:48:08
2
2
1
1
1
1
1
1
1
1
00:0c:84:0e:a5:ff
1
1
1
1
1
1
2
2
2
2
2
2
2
1
1
1
1
1
1
1
1
1
1
1
40:5b:85:0e:a5:ff
1
00:0c:cd:0e:a5:ff
de:0c:85:0e:a5:ff
00:0c:95:0e:a5:ff
1
1
1
1
1
1
2
40:0c:85:0e:a5:ff
1
1
2
1
1
1
1
1
2
1
00:0c:86:1c:48:24
2
2
2
2
00:0c:96:1c:48:08
2
2
2
2
2
2
2
2
2
1
1
1
1
1
1
00:0c:c8:0e:a5:ff
1
1
1
1
00:0c:8d:0e:a5:ff
1
1
1
1
1
1
00:4a:85:0e:a5:ff
1
1
1
00:04:85:0e:a5:ff
00:2c:86:1c:48:08
2
2
2
2
2
2
2
2
00:0c:86:1c:48:28
2
2
1
00:0c:85:6d:a5:ff
1
2
2
1
1
1
2
1
00:52:85:0e:a5:ff
00:0c:85:0e:a5:df
1
1
00:0c:f3:0e:a5:ff
1
1
1
1
1
1
1
1
1
1
1
00:0c:86:1c:48:9a
00:0c:86:58:48:08
2
2
2
00:0c:86:1c:48:18
2
2
2
00:0c:86:df:48:08
1
1
00:0c:85:0e:a5:fb
1
1
00:0c:85:0e:a1:ff
1
1
1
1
1
1
1
1
1
1
1
1
1
1
2
1
1
00:0c:85:0e:a5:bf
2
2
2
2
2
2
2
08:0c:86:1c:48:08
2
2
2
2
2
2
2
2
2
1
1
00:0c:85:06:a5:ff
1
1
1
2
2
2
30:0c:85:0e:a5:ff
1
91:0c:85:0e:a5:ff
00:0c:85:0e:50:ff
1
1
1
1
1
1
1
1
1
1
1
1
1
1
1
2
2
2
2
2
2
2
2
2
2
1
1
1
1
1
1
1
1
1
1
1
1
1
1
1
2
04:0c:86:1c:48:08
2
2
2
2
2
2
1
1
1
1
1
1
1
1
1
1
1
2
2
2
00:0c:86:1c:48:44
1
2
2
2
1
1
2
1
2
2
1
1
1
1
2
1
1
2
1
1
2
2
1
2
2
1
2
1
1
2
2
1
1
1
1
00:0c:85:32:a5:ff
2
1
1
1
1
2
2
1
1
1
2
25:73:00:1c:48:08
2
00:7b:85:0e:a5:fb
1
1
00:0c:86:1c:48:49
2
1
1
2
2
1
1
1
2
2
1
1
1
2
2
1
2
2
00:0c:86:ac:48:08
1
1
2
2
1
2
1
1
2
2
1
2
2
1
2
1
1
2
1
2
2
1
1
2
2
2
2
1
2
1
2
1
2
1
2
1
00:0c:86:1c:48:21
2
00:0c:25:73:00:ff
1
2
1
2
1
1
2
1
2
1
00:0c:85:0e:74:ff
2
1
2
2
2
25:73:00:0e:a5:ff
1
2
1
2
1
2
1
2
2
1
1
1
00:36:86:1c:48:08
1
1
2
2
2
2
00:0c:5a:1c:48:08
00:0c:86:14:48:08
1
1
1
2
1
2
1
2
2
2
2
1
1
2
1
2
2
1
2
2
1
2
1
2
2
1
00:35:86:1c:48:28
2
2
1
1
2
2
2
1
1
2
2
00:04:85:0e:a5:ff
1
2
00:0c:86:a6:48:08
1
1
2
2
1
2
1
2
00:0c:86:5c:48:08
1
1
2
2
2
2
1
2
2
1
00:0c:95:0e:a5:ff
2
2
2
1
1
2
2
2
1
53:0c:85:0e:a5:ff
2
2
2
1
1
2
2
2
00:0c:85:0e:a5:37
1
2
2
2
2
2
1
2
2
2
1
2
2
00:0c:86:1c:48:23
1
2
2
2
1
2
2
1
1
2
2
1
1
2
2
2
1
1
2
2
2
1
1
1
2
2
2
2
2
1
1
1
2
2
2
1
1
2
2
1
1
1
2
2
2
1
2
1
1
1
2
2
2
2
2
1
2
2
2
1
1
2
2
2
00:8c:85:0e:a5:ff
2
1
2
2
2
54:0c:86:1c:48:08
1
2
2
2
2
2
2
1
1
2
2
1
1
2
2
00:0c:85:4e:a5:ff
2
2
1
67:0c:85:0e:a5:ff
2
2
00:0c:85:0e:5a:ff
1
2
00:0c:c5:0e:a5:ff
1
2
2
b1:0c:85:0e:a5:ff
1
2
1
1
1
2
1
2
2
00:0c:95:0e:a5:ff
1
2
1
1
2
1
73:00:86:1c:48:08
2
1
1
2
1
1
2
2
1
1
2
2
1
2
1
00:25:73:00:48:08
1
2
2
00:0c:86:58:48:08
1
1
2
2
1
2
1
2
2
40:0c:85:0e:a5:ff
2
2
2
1
2
2
2
2
1
1
2
00:25:73:00:48:08
1
2
1
2
2
2
1
00:0c:86:1c:48:45
2
2
00:2c:36:0e:a5:ff
2
2
1
1
2
2
00:0c:85:0e:d2:ff
1
1
2
2
00:0c:86:1c:48:4e
2
1
2
2
1
1
25:73:20:0e:a5:ff
2
2
00:0c:86:32:48:08
1
2
2
1
1
00:0c:86:d5:48:08
2
2
6e:0c:85:0e:a5:ff
2
2
1
1
2
2
1
00:8c:85:0e:a5:ff
2
2
2
1
1
2
2
2
1
1
2
2
2
1
2
2
2
1
1
2
1
1
2
2
2
1
1
1
2
2
1
2
2
2
1
1
00:0c:86:1c:48:6a
2
2
1
1
2
2
1
1
2
2
1
1
2
2
2
1
1
2
2
69:0c:85:0e:a5:ff
2
00:0c:86:1c:48:18
1
00:0c:47:0e:a5:ff
2
2
2
1
2
2
2
1
1
2
2
2
1
1
2
2
2
00:0c:25:73:00:ff
1
2
2
2
1
1
2
2
1
2
2
2
47:0c:85:0e:a5:ff
1
2
2
1
1
2
1
34:0c:86:1c:48:08
1
2
1
2
2
2
1
1
2
2
1
1
2
2
1
2
1
2
00:0c:85:0e:56:ff
2
1
2
2
1
2
1
2
1
2
2
00:89:86:1c:48:08
1
1
2
1
00:0c:85:0e:a5:45
2
2
1
1
97:0c:86:1c:c8:08
00:0c:87:0e:72:ff
1
2
1
2
00:0c:86:70:48:08
2
1
00:0c:86:37:48:08
1
2
1
2
1
2
1
2
1
2
1
1
2
1
2
1
2
2
2
1
2
2
2
1
2
1
2
1
2
1
2
1
2
2
1
1
2
1
2
1
00:0c:85:51:a5:ff
2
2
2
1
1
2
1
2
1
2
1
2
00:0c:57:0e:a5:ff
00:0c:86:1c:48:75
1
2
2
1
2
00:0c:85:0e:a5:fd
2
2
1
2
1
2
00:03:85:0e:a5:ff
2
1
2
2
1
2
1
2
1
1
1
1
1
2
2
2
1
08:0c:86:1c:48:08
2
1
2
1
2
1
2
1
2
1
1
2
1
1
2
1
00:0c:86:1c:48:58
1
2
1
2
1
2
2
1
2
1
2
1
2
1
2
00:0c:85:09:a5:ff
2
2
1
1
2
1
40:0c:86:1c:48:08
1
2
2
1
1
2
1
1
1
