45 00 00 30 49 56 00 00 40 84 7B 8D 0A 1E 51 01 0A 1C 50 2A 36 B1 36 B1 5A 66 63 A2 13 F4 35 51 03 00 00 10 66 ED 34 80 00 00 0F C8 00 00 00 00
45 00 00 30 00 00 40 00 40 84 84 E3 0A 1C 50 2A 0A 1E 51 01 36 B1 36 B5 00 00 1A 32 77 A9 D3 48 04 00 00 10 00 01 00 0C F7 8F 34 CF F9 07 00 00
45 00 00 30 00 00 40 00 3F 84 85 E3 0A 1C 50 2A 0A 1E 51 01 36 B1 36 B1 00 00 1A 32 56 71 AF 4E 04 00 00 10 00 01 00 0C EC A6 34 CF F9 07 00 00
45 00 00 30 79 94 00 00 40 84 4B 4F 0A 1E 51 01 0A 1C 50 2A 36 B1 36 B1 5A 66 63 A2 0B 42 E8 20 05 00 00 10 00 01 00 0C AA BA 34 CF F9 07 00 00
45 00 00 6C 00 00 40 00 3F 84 85 A7 0A 1C 50 2A 0A 1E 51 01 36 B1 36 B1 04 00 1A 32 04 94 5B E6 03 00 00 10 00 01 B4 31 00 07 A1 20 00 00 00 00 00 03 00 3C 66 ED 3A 24 00 01 2B 6D 00 00 00 04 01 00 08 08 00 00 00 2C 00 06 00 08 00 00 00 01 01 25 73 08 00 00 00 00 01 05 00 08 00 00 00 95 01 0B 00 0A 00 04 20 04 01 09 00 00
45 00 00 30 00 00 40 00 3F 84 85 E3 0A 1C 50 2A 0A 1E 51 01 36 B1 36 B1 00 00 1A 32 E5 49 7F 58 04 00 00 10 00 01 41 0C 74 EC 34 CF C3 07 00 00
45 00 00 30 AB 13 00 00 40 84 19 D0 0A 1E 51 01 0A 1C 50 2A 36 B1 36 B1 5A 66 63 A2 3B 79 01 11 05 00 00 10 00 01 00 0C 0E F5 34 CF F9 07 00 00
45 00 00 30 AC F3 00 00 40 84 17 F0 0A 1E 51 01 0A 1C 50 2A 36 B1 36 B1 5A 66 63 A2 BE CB 4F E7 
45 00 00 30 00 00 40 00 3F 84 85 E3 0A 1C 50 2A 0A 1E 51 01 36 B1 36 B1 00 00 1A 32 1F 75 69 18 04 00 00 10 00 01 00 0C 2C FC 34 CF F9 07 00 00
45 00 00 6C 00 00 40 00 3F 84 85 A7 0A 1C 50 2A 0A 1E 51 01 36 B1 36 B1 00 00 1A 32 EC 02 2C 76 00 03 00 4C 66 ED 3C 46 00 01 2D 8F 00 00 00 04 01 00 08 08 00 00 00 74 00 06 00 08 00 00 00 01 01 07 00 08 00 00 00 00 01 05 00 08 00 00 00 14 01 0B 00 1C 01 00 15 05 32 43 09 81 C9 29 33 E8 24 0E 9F 4D 47 80 30 72 41 64 05 69
45 25 73 70 00 00 40 00 40 84 84 A3 0A 1C 50 2A 0A 1E 51 01 AA AA AA AA AA AA AA AA AA AA AA AA 
45 00 4D 58 B9 9E 00 00 40 84 0B 1D 0A 1E 51 01 0A 1C 50 2A 36 B1 36 B1 5A 66 63 A2 C6 46 BF 89 00 03 00 38 00 01 B6 4F 00 01 D9 87 00 00 00 04 01 00 08 08 00 00 00 28 00 06 00 08 00 00 00 01 01 42 00 08 00 00 00 00 01 05 00 08 00 0A 00 EA 01 0B 00 07 00 01 21 00
45 00 00 30 D5 3A 00 00 40 84 EF A8 0A 1E 51 01 0A 1C 50 2A 36 B1 36 B1 5A 66 63 A2 0A BC C7 98 05 00 00 10 00 01 00 0C 54 2B 35 CF F9 07 00 00
45 00 00 70 00 00 40 00 3F 84 85 A3 0A 1C 50 2A 0A 1E 51 01 36 B1 36 B1 00 00 1A 32 03 A3 54 A2 03 00 00 10 00 01 B8 16 00 07 A1 20 00 00 00 00 00 03 00 40 66 ED 3F 22 00 01 30 6B 00 00 00 04 01 00 08 02 00 00 00 30 00 06 00 08 00 00 00 01 01 15 00 08 00 00 00 02 01 05 00 08 00 00 00 78 01 04 00 08 01 37 00 EA 01 16 00 08 00 00 00 00
45 00 00 68 DE 3C 00 00 40 84 76 6E 0A 1E 51 01 0A 1C 50 2A 36 B1 36 B1 5A 66 63 A2 06 11 C8 B4 03 00 00 10 66 ED 3F A8 00 00 10 00 00 DD 00 00 00 03 00 38 00 01 B8 76 00 01 DA A6 00 00 00 04 01 00 08 05 00 00 00 28 00 06 00 08 00 00 00 01 01 05 00 08 0F 94 00 E9 01 04 00 08 00 00 00 4E 01 13 00 08 00 00 00 07
45 00 00 68 E5 35 00 00 40 84 DF 75 0A 1E 51 01 0A 1C 50 2A 36 B1 36 B1 5A 66 63 A2 CD 38 79 47 00 03 00 48 00 01 B8 D6 00 01 DA CD 00 00 00 04 01 00 08 08 00 00 00 38 00 06 00 08 00 9A 00 01 01 07 00 08 00 00 00 20 01 05 00 08 02 A6 00 EA 01 0B 00 15 01 00 0E 83 08 04 06 60 04 02 00 05 81 15 02 01 01 00 00 00
45 00 00 30 00 00 40 00 3F 84 85 E3 0A 1C 50 2A 0A 1E 51 01 36 B1 36 B1 00 00 1A 32 58 E8 77 8F 04 00 00 10 00 01 00 0C 58 46 35 CF F9 07 00 00
45 00 00 30 F0 0C 00 00 40 84 D4 D6 0A 1E 51 01 0A 1C 50 2A 36 B1 36 B1 5A 66 63 A2 67 11 9E 1F 03 00 00 10 66 28 40 F7 00 00 0F D0 00 00 00 00
45 00 00 6C 00 00 40 00 40 84 84 A7 0A 1C 50 2A 0A 1E 51 01 36 B1 36 B1 00 00 1A 32 D4 22 B5 5A 03 00 00 10 00 01 B9 AC 00 07 A1 20 00 00 00 00 00 03 00 3C 66 ED 41 51 00 01 32 71 00 00 00 04 01 00 08 08 00 00 00 2C 00 06 00 08 00 00 00 01 01 07 00 08 00 00 00 00 01 05 00 08 00 00 00 46 01 0B 00 0A 00 04 20 04 01 09 00 00
45 00 00 AC FB 5B 00 00 40 84 C9 0B 0A 1E 51 01 0A 1C 50 2A 36 B1 36 B1 5A 66 63 A2 0D DA AA 93 00 03 00 8C 00 01 BA 3F 00 01 DB 71 25 73 00 04 01 00 08 01 00 00 00 7C 00 06 00 08 00 00 00 01 01 15 00 08 00 00 00 02 01 04 00 08 00 00 00 9F 01 03 00 18 00 02 00 03 80 03 00 08 00 00 00 DE 80 02 00 08 00 00 1C EA 01 16 00 08 00 00 00 C2 01 00 00 18 00 02 00 03 80 03 00 08 00 00 00 DE 80 02 00 08 00 00 1B 79 01 0B 00 22 00 1C 57 05 08 00 73 26 53 00 01 00 78 17 0F 05 08 71 73 26 53 00 01 33 05 F4 37 BA 1D FB 00 00
45 00 00 5C 00 E4 00 00 40 84 C3 D3 0A 1E 51 01 0A 1C 50 2A 36 B1 36 B1 5A 66 63 A2 03 42 96 19 00 03 00 3C 00 01 BA 62 00 02 DB 3B 00 00 00 04 01 00 08 08 00 00 00 2C 00 06 00 08 00 00 00 01 01 07 00 08 00 00 00 00 01 05 00 08 01 85 00 EA 01 0B 00 09 01 00 02 05 1B 00 00 00
45 00 00 6C 00 00 40 00 3F 84 85 A7 0A 1C 50 2A 0A 1E 51 01 36 B1 36 B1 00 00 91 32 21 AD AD 56 03 00 00 10 00 01 BA D2 00 07 A1 20 00 00 00 00 00 03 00 3C 66 ED 42 A4 00 01 33 ED 00 00 00 04 01 00 08 08 00 00 00 2C 00 71 00 08 00 00 00 01 01 07 00 08 00 00 00 00 01 05 00 08 00 00 00 9E 01 0B 00 09 01 00 02 25 73 00 00 00
45 00 00 30 0A C6 00 00 40 84 BA 1D 0A 1E 51 01 0A 1C 50 2A 36 B1 36 B1 5A 74 63 A2 2C 7B 60 9C 03 00 00 10 66 ED 43 01 00 00 0F D0 00 00 00 00
45 00 00 BC 0B 28 00 00 40 84 B9 2F 0A 1E 51 01 0A 1C 50 2A 36 B1 36 B1 5A 66 63 A2 E3 FE D7 5A 03 00 00 10 66 ED 43 08 00 00 10 00 00 00 00 00 00 03 00 8C 00 01 BB 26 00 02 DB 90 00 00 00 04 01 00 08 01 00 00 00 7C 00 06 00 08 00 00 00 01 01 15 00 08 00 00 00 02 01 04 25 73 25 73 00 9D 01 03 00 18 00 02 00 03 80 03 00 08 00 00 00 DE 80 02 00 08 00 00 1C EA 01 16 00 08 00 00 00 9D 01 02 00 18 00 02 00 03 80 03 00 08 00 00 00 DE 80 02 00 08 00 00 1B 79 01 0B 00 22 00 1C 57 05 08 10 73 26 53 00 01 00 6F 17 0F 05 08 71 73 26 53 00 01 33 05 F4 66 B8 6D FF 00 43
45 00 00 30 00 00 40 00 3F 84 85 E3 0A 1C 50 2A 0A 1E 51 01 36 B1 36 B1 B7 00 1A 32 3A F3 2C 3C 04 00 00 10 00 01 00 0C 66 6D 35 CF F9 07 00 00
45 00 00 30 1B 46 00 00 40 84 A9 9D 0A 1E 51 01 0A 1C 50 2A 36 B1 36 B1 5A 66 63 A2 57 F6 B6 72 05 00 00 10 00 01 00 0C 48 77 35 CF F9 07 00 00
45 00 00 30 31 9F 00 00 40 84 93 44 0A 1E 51 01 0A 1C 50 2A 36 B1 36 B1 5A 66 63 A2 45 1F A5 F7 03 00 00 10 66 ED 45 F7 00 00 0F D0 00 80 00 00
