45 00 00 68 E5 E2 00 00 40 84 DE C7 0A 1E 51 02 0A 1E 49 2A 36 B2 36 B2 6F 7E 99 E5 4F 66 8D 3E 03 00 00 10 1F 12 3E 61 00 00 75 00 00 00 00 00 00 03 00 38 00 0C 44 52 00 01 ED B7 00 00 00 04 01 00 08 05 00 00 00 28 00 06 00 08 00 25 73 02 01 66 00 08 0C 54 00 E9 01 04 00 08 00 00 01 3E 01 13 00 08 04 25 73 07
45 00 00 6C 00 00 40 00 40 84 84 A6 0A 1E 49 2A 0A 1E 51 02 36 B2 36 B2 00 00 12 5A AF DC D3 A1 03 00 00 10 00 0C 45 35 00 07 A1 20 00 00 00 00 00 03 00 3C 1F 12 3F 76 00 01 F2 6C 00 00 00 04 01 00 08 08 00 00 00 2C 00 06 00 08 00 00 00 02 01 07 00 08 00 00 00 00 01 05 00 08 00 00 01 0B 01 0B 00 0A 00 04 20 04 01 09 00 00
45 00 00 30 0F 9D 00 00 40 84 B5 45 0A 1E 51 02 0A 1E 49 2A 36 B2 36 B2 6F 7E 89 E5 C2 B1 A2 20 05 00 00 10 00 01 00 0C 58 C9 34 CF FD 07 00 00
45 00 00 30 00 00 40 00 3F 84 85 E2 0A 1E 49 2A 0A 1E 51 02 36 B2 36 B2 00 00 12 5A FD 3F E6 D0 04 00 00 10 00 01 00 0C 29 DB 34 CF FD 07 00 00
45 00 00 68 00 00 40 00 3F 4B 85 AA 0A 1E 49 2A 0A 1E 51 02 
45 00 00 58 4C E6 71 00 40 84 77 D4 0A 1E 51 02 0A 1E 49 2A 36 B2 36 B2 6F 7E 99 E5 9F FB FC 2A 00 03 00 39 00 0C 4A 4E 00 02 F0 1D 00 00 00 04 01 00 08 08 00 00 00 28 00 06 00 08 00 00 00 02 01 07 00 08 00 00 00 00 01 05 00 08 0C BE 00 E9 01 0B 00 07 00 01 21 00
45 00 00 30 59 13 00 00 40 84 6B CF 0A 1E 51 02 0A 1E 49 2A 36 B2 36 B2 6F 7E 99 E5 FC AD 50 5F 03 00 00 10 1F 12 46 CB 00 00 0F D4 00 00 00 00
45 00 10 68 BF D1 00 00 40 84 04 D9 0A 1E 51 02 0A 1E 49 2A 36 B2 36 B2 6F 7E 99 E5 C1 AC 46 88 03 00 00 10 1F 12 4E 0F 00 00 10 00 00 00 00 00 00 03 00 38 00 0C 51 22 00 02 F3 49 00 00 00 04 01 00 08 05 00 00 00 28 00 06 00 08 00 00 00 02 01 05 00 08 00 7C 00 EA 01 04 00 08 00 00 01 85 01 13 00 08 00 00 00 07
45 00 00 68 D6 8D 00 00 40 84 EE 1C 0A 1E 51 02 0A 1E 49 2A 36 B2 36 68 6F 7E 99 E5 67 DC 4F E1 03 00 00 10 1F 12 4F 9E 00 00 10 00 00 00 00 00 00 03 00 38 00 0C 52 62 00 01 F4 EB 00 00 00 04 01 00 08 05 00 00 00 28 00 06 00 08 00 00 00 02 01 05 00 08 02 13 00 EA 01 04 00 08 00 00 00 EA 01 13 00 08 00 AA AA AA
45 00 00 68 00 00 40 00 3F C0 85 AA 0A 1E 49 2A 0A 1E 51 02 
