2
1
2
1
00:20:71:1b:07:fa
2
1
1
00:e0:29:68:43:fb
2
1
1
1
1
1
1
1
00:20:af:5b:07:fa
2
1
2
1
2
00:e0:4a:68:8b:fb
00:20:2f:1b:07:fa
1
1
1
1
10:20:af:1b:07:fa
1
1
1
1
1
1
1
1
1
00:20:25:73:07:fa
1
1
2
1
1
63:e0:29:68:8b:fb
1
2
2
1
1
2
1
1
2
1
2
1
1
2
2
2
00:e0:29:68:71:fb
1
00:20:ae:1b:07:fa
2
00:20:2f:1b:07:fa
2
00:20:af:1b:07:8e
1
1
1
2
1
1
1
1
1
00:20:af:1a:07:fa
1
2
2
2
1
1
1
2
1
1
1
00:e0:29:68:cb:fb
1
2
2
00:e0:29:56:8b:fb
1
1
1
1
2
2
1
1
1
2
1
2
1
2
1
1
1
1
2
1
00:20:af:1b:07:7a
2
2
1
1
2
2
2
2
2
2
2
71:e0:29:68:8b:fb
2
1
2
1
1
