1 2 3 3 4 4 6 6 7 8 9 9 10 10 10 10 11 11 11 11 13 13 14 14 15 15 16 16 17 17 17 18 18 18 18 18 18 18 18 19 19 19 19 19 19 19 19 19 19 19 19 19 19 19 19 19 19 19 19 19 19 19 19 19 19 19 19 19 19 19 19 19 19 
1 2 3 3 4 4 6 6 7 8 9 9 10 10 10 10 11 11 11 11 13 13 14 14 15 15 16 16 
1 2 3 3 4 4 6 6 7 8 9 9 10 10 10 10 11 11 11 11 13 13 14 14 15 15 16 16 17 17 17 18 18 18 18 18 18 18 18 19 19 19 19 19 19 19 19 19 19 19 19 19 19 19 19 19 19 19 19 19 19 19 19 19 19 19 19 19 19 19 19 19 19 19 19 19 
1 2 3 3 4 4 6 6 7 8 9 9 10 10 10 10 11 11 11 11 13 13 14 14 15 15 16 16 17 17 17 18 18 18 18 18 18 18 18 19 19 19 19 19 19 19 19 19 19 19 19 19 19 19 19 19 19 19 19 19 19 19 19 19 19 19 19 19 19 19 19 
1 2 3 3 4 4 6 6 7 8 9 9 10 10 10 10 11 11 11 11 13 13 14 14 15 15 16 16 
1 2 3 3 4 4 6 6 7 8 9 9 10 10 10 10 11 11 11 11 13 13 14 14 15 15 16 16 
1 2 3 3 4 4 6 6 7 8 9 9 10 10 10 10 11 11 11 11 13 13 14 14 15 15 16 16 
1 2 3 3 4 4 6 6 7 8 9 9 10 10 10 10 11 11 11 11 13 13 14 14 15 15 16 16 
1 2 3 3 4 4 6 6 7 8 9 9 10 10 10 10 11 11 11 11 13 13 14 14 15 15 16 16 17 17 17 18 18 18 18 18 18 18 18 19 19 19 19 19 19 19 19 19 19 19 19 19 19 19 19 19 19 19 19 19 19 19 19 19 19 19 19 19 19 19 19 19 19 19 19 19 19 19 19 
1 2 3 3 4 4 6 6 7 8 9 9 10 10 10 10 11 11 11 11 13 13 14 14 15 15 16 16 17 17 17 18 18 18 18 18 18 18 18 19 19 19 19 19 19 19 19 19 19 19 19 19 19 19 19 19 19 19 19 19 19 19 19 19 19 19 19 19 19 19 19 19 19 19 19 19 19 19 19 19 19 19 19 19 19 19 19 19 19 19 19 19 19 19 19 19 19 19 19 19 19 19 19 19 19 19 19 19 19 19 19 19 19 19 19 19 19 19 19 19 19 19 19 19 19 19 19 19 19 19 19 19 19 19 19 19 19 19 19 19 19 19 19 19 19 19 19 19 19 19 19 19 19 19 19 19 19 19 19 19 19 19 19 19 19 19 19 19 19 19 19 19 19 19 19 19 19 19 19 19 19 19 19 19 19 19 19 19 19 
1 2 3 3 4 4 6 6 7 8 9 9 10 10 10 10 11 11 11 11 13 13 14 14 15 15 16 16 
1 2 3 3 4 4 6 6 7 8 9 9 10 10 10 10 11 11 11 11 13 13 14 14 15 15 16 16 17 17 17 18 18 18 18 18 18 18 18 19 19 19 19 19 19 19 19 19 19 19 19 19 19 19 19 19 19 19 19 19 19 19 19 19 19 19 19 19 19 19 19 19 19 19 19 19 19 19 19 
1 2 3 3 4 4 6 6 7 8 9 9 10 10 10 10 11 11 11 11 13 13 14 14 15 15 16 16 17 17 17 18 18 18 18 18 18 18 18 19 19 19 19 19 19 19 19 19 19 19 19 19 19 19 19 19 19 19 19 19 19 19 19 19 19 19 19 19 19 19 19 19 19 19 19 19 19 19 19 
1 2 3 3 4 4 6 6 7 8 9 9 10 10 10 10 11 11 11 11 13 13 14 14 15 15 16 16 
1 2 3 3 4 4 6 6 7 8 9 9 10 10 10 10 11 11 11 11 13 13 14 14 15 15 16 16 17 17 17 18 18 18 18 18 18 18 18 19 19 19 19 19 19 19 19 19 19 19 19 19 19 19 19 19 19 19 19 19 19 19 19 19 19 19 19 19 19 19 19 19 19 19 19 19 19 19 19 
1 2 3 3 4 4 6 6 7 8 9 9 10 10 10 10 11 11 11 11 13 13 14 14 15 15 16 16 17 17 17 18 18 18 18 18 18 18 18 19 19 19 19 19 19 19 19 19 19 19 19 19 19 19 19 19 19 19 19 19 19 
1 2 3 3 4 4 6 6 7 8 9 9 10 10 10 10 11 11 11 11 13 13 14 14 15 15 16 16 
1 2 3 3 4 4 6 6 7 8 9 9 10 10 10 10 11 11 11 11 13 13 14 14 15 15 16 16 
1 2 3 3 4 4 6 6 7 8 9 9 10 10 10 10 11 11 11 11 13 13 14 14 15 15 16 16 17 17 17 18 18 18 18 18 18 18 18 19 19 19 19 19 19 19 19 19 19 19 19 19 19 19 19 19 19 19 19 19 19 19 19 19 19 19 19 19 19 19 19 19 19 19 19 19 19 19 19 19 19 19 19 19 19 19 19 19 19 19 19 19 19 19 19 19 19 19 19 19 19 19 19 19 19 19 19 19 
1 2 3 3 4 4 6 6 7 8 9 9 10 10 10 10 11 11 11 11 13 13 14 14 15 15 16 16 
1 2 3 3 4 4 6 6 7 8 9 9 10 10 10 10 11 11 11 11 13 13 14 14 15 15 16 16 
1 2 3 3 4 4 6 6 7 8 9 9 10 10 10 10 11 11 11 11 13 13 14 14 15 15 16 16 
