2
1
2
2
1
1
1
1
1
00:10:18:37:2e:67
2
1
1
1
1
1
2
00:10:10:37:2e:82
00:10:18:25:73:82
2
2
2
1
1
1
1
1
53:10:18:37:2e:82
2
2
00:50:18:37:2e:82
2
1
1
1
1
1
2
2
2
1
2
2
1
00:10:95:37:2e:82
1
2
2
1
2
10:10:18:37:31:90
1
2
2
2
2
2
00:10:55:37:31:90
1
1
1
1
1
2
2
2
2
2
1
1
1
1
1
1
2
2
2
00:10:18:33:31:90
2
2
1
1
1
1
1
00:10:18:55:2e:82
2
1
2
2
1
1
00:10:18:37:2e:43
2
1
1
1
1
2
1
1
2
2
2
2
1
1
1
1
1
1
00:10:18:37:03:82
2
2
2
1
2
00:10:58:37:31:90
1
1
2
2
1
2
2
1
1
1
00:25:73:37:31:90
1
1
00:10:18:52:31:90
2
2
1
00:10:18:37:2e:4c
2
1
1
1
00:10:18:3f:2e:82
2
00:30:18:37:2e:82
2
2
35:10:18:37:31:90
1
1
00:10:1a:37:31:90
1
2
2
2
2
1
2
1
00:25:73:37:31:90
1
1
1
1
2
2
2
1
1
1
1
1
1
2
2
00:10:25:73:2e:82
2
1
1
1
1
1
1
2
2
04:10:18:37:2e:82
2
2
1
1
1
1
1
00:10:18:37:31:22
2
2
2
1
2
1
1
1
1
1
2
2
1
1
1
2
2
1
2
2
1
1
1
1
1
1
2
2
2
2
1
1
1
2
2
2
2
1
2
2
1
00:ec:18:37:2e:82
2
2
2
2
2
1
1
1
1
1
2
2
2
a0:10:18:37:2e:8a
1
1
1
1
1
1
2
1
2
00:10:18:37:69:82
1
1
00:10:18:78:31:90
1
2
2
2
2
1
1
1
1
00:10:18:37:7f:90
00:10:b9:37:2e:82
2
65:10:18:37:2e:82
25:73:18:37:2e:02
2
1
1
1
1
1
1
00:25:73:37:2e:82
2
2
2
2
2
1
1
1
1
00:2b:18:37:2e:82
2
2
1
2
1
1
1
1
1
2
2
2
1
2
1
1
1
00:10:18:37:21:90
1
2
2
2
1
00:10:18:27:2e:82
2
1
1
00:34:18:37:31:90
1
2
00:10:18:37:30:82
2
1
1
1
1
2
2
2
2
2
1
1
1
1
1
2
00:10:18:61:2e:82
2
1
2
1
1
00:10:18:67:31:90
2
2
2
2
2
1
1
1
1
1
1
1
2
1
2
1
1
1
1
1
2
2
2
2
1
2
1
1
1
1
2
1
1
2
2
2
00:10:18:37:25:73
2
1
1
1
2
1
1
2
2
1
1
1
1
1
2
2
2
2
1
1
1
1
1
00:10:18:27:31:90
2
2
2
2
1
2
2
1
1
1
1
1
1
2
00:10:18:37:2e:92
2
1
2
2
1
1
1
1
2
00:10:18:37:2e:64
2
2
1
1
1
00:00:18:37:31:90
1
1
2
2
2
2
2
1
1
1
1
1
1
2
2
2
1
