80:16:ca:92:42:01
1
1
1
1
1
1
1
1
1
00:16:8a:92:42:01
1
1
1
1
1
1
1
1
1
1
1
1
1
00:16:19:92:42:15
1
1
00:16:ca:92:42:48
1
1
1
1
1
1
1
1
00:16:ca:92:b2:01
1
1
1
1
00:16:ca:92:02:01
1
00:16:f9:92:42:01
1
1
1
46:16:ca:92:42:01
1
1
1
1
1
1
1
1
00:16:c7:92:42:01
1
1
1
1
1
00:b7:ca:92:42:01
1
1
1
00:16:ca:92:42:42
1
1
1
1
1
1
1
1
1
00:16:ca:92:42:5f
1
1
40:16:ca:92:42:01
1
1
1
1
1
1
1
1
1
00:16:ca:25:73:01
1
1
20:16:ca:92:42:01
00:16:ca:92:42:41
1
1
1
1
1
1
1
00:16:ca:92:42:73
1
1
1
1
1
00:16:ca:92:02:01
1
2
00:17:4f:6d:82:02
1
2
1
2
1
2
1
1
2
2
1
28:16:ca:92:42:01
ce:16:ca:92:42:01
00:16:ca:9a:42:01
1
1
1
1
1
00:ac:ca:92:42:01
1
00:16:62:92:42:01
1
1
1
1
00:16:ca:92:42:34
1
00:16:ca:92:42:62
1
1
1
1
1
1
1
1
1
1
1
1
1
1
