2
2
1
1
2
1
1
2
1
1
1
1
2
2
2
1
1
1
1
2
2
1
1
2
1
1
1
2
2
1
1
1
1
1
1
2
2
2
2
c2:e6:11:25:73:76
1
1
1
1
2
1
1
1
1
2
2
1
2
2
1
1
1
1
1
1
2
1
1
1
1
2
2
1
1
2
1
2
1
1
1
1
1
2
1
2
1
c2:e6:11:24:6e:50
1
1
7b:1b:53:c1:fd:ad
2
1
2
1
c2:e6:25:73:6e:76
2
1
1
c2:e6:11:24:25:73
1
00:1b:53:c1:fd:56
00:79:53:c1:fd:ad
1
2
1
1
1
1
1
00:1b:fa:c1:fd:ad
2
1
2
1
c2:e6:63:24:6e:76
1
1
2
2
1
1
2
1
2
1
1
1
2
1
1
2
1
1
1
c2:e6:11:24:8e:76
2
1
2
1
00:1b:53:4a:fd:ad
c2:75:11:24:6e:76
c2:e6:11:33:6e:76
1
1
2
2
1
1
2
2
1
1
1
00:1b:53:4c:fd:ad
20:e6:11:24:6e:76
1
1
2
1
1
2
1
1
1
2
2
1
1
1
00:1b:53:c1:fd:8d
1
1
1
1
2
1
2
00:19:53:c1:fd:ad
1
1
2
1
1
c2:e6:11:24:6e:de
00:1b:53:c1:6f:ad
2
c2:46:11:24:6e:76
2
1
1
1
1
2
2
1
1
1
c2:e6:19:24:6e:76
2
1
1
1
1
2
2
1
1
2
1
1
1
1
2
1
54:e6:11:24:6e:76
2
1
2
1
c2:25:73:24:6e:76
1
1
2
1
1
2
1
1
2
c2:e6:11:24:6e:f8
1
1
2
2
1
1
00:1b:53:c1:fd:49
1
1
2
c2:e6:74:24:6e:76
c2:e6:11:25:73:76
1
1
2
2
1
1
