45 00 00 30 5C E4 40 00 40 84 14 FF 12 32 32 01 32 32 32 02 0B 59 0B 27 43 83 22 4C 0C 7D BC 4E 03 00 00 10 F5 37 7B 6A 00 00 FF 93 00 00 00 00
45 02 00 7C 00 00 40 00 40 84 71 95 32 32 32 02 12 32 32 01 0B 5A 0B AA AA AA AA AA AA AA AA AA 
45 00 00 66 60 5E 40 00 40 84 11 85 12 32 32 01 32 32 32 02 0B 5A 0B 5A AC BE 14 F1 55 37 DA 25 
45 02 00 7C 00 00 40 25 73 84 71 95 32 32 32 02 12 32 32 01 0B 25 73 59 1A 5A 8A 11 32 FC BE 11 00 03 00 5A F5 37 7E E9 00 07 9C D1 00 00 00 00 01 00 01 01 00 00 00 4A 02 10 00 42 00 00 08 88 00 00 25 B9 03 02 00 06 09 01 03 05 07 02 42 92 02 42 92 26 65 24 48 04 00 00 50 46 49 04 32 24 65 25 73 00 A1 14 02 01 05 02 01 18 30 0C 80 01 07 A2 02 A5 00 A4 03 80 01 01 00 00
45 02 00 80 00 00 40 00 40 84 71 91 32 32 32 02 12 32 32 01 0B 5A 0B 5A 06 DB 2A C1 7D 6B 65 83 00 03 00 5E DE B1 24 E9 00 0E 9C A1 00 00 00 00 01 00 01 01 54 00 00 4E 02 10 00 46 00 00 08 98 00 00 25 B9 03 02 00 0D 09 01 03 05 07 02 42 92 02 42 92 2A 65 28 48 04 00 00 55 8D 49 04 78 24 5E 0D 6C 1A A1 18 02 01 06 02 01 24 04 10 A0 0E A0 03 81 01 01 A1 04 80 02 02 58 82 01 01 00 00
45 02 00 68 00 00 40 00 40 84 71 71 32 32 32 02 12 32 32 01 0B 59 0B 59 1A 5A 8A 11 55 56 04 78 00 33 00 7D F5 37 82 76 00 07 9D 19 00 00 00 00 01 00 01 01 00 00 00 6D 02 10 00 65 00 00 08 88 00 00 25 B9 03 02 00 06 09 01 03 05 07 02 42 92 02 42 92 49 65 47 48 04 00 00 3D 07 49 04 78 24 58 72 6C 39 A1 18 02 01 
45 02 00 80 00 00 40 00 40 84 71 91 32 32 32 02 12 32 32 01 0B 5A 41 5A 06 DB 2A C1 4A 74 4B AE 00 03 00 AA AA AA AA AA AA AA AA AA AA AA AA AA AA AA AA AA AA AA AA AA AA AA AA AA AA AA AA AA AA AA AA AA AA AA AA AA AA AA AA AA AA AA AA AA AA AA AA AA AA AA AA AA AA AA AA AA AA AA AA AA AA AA AA AA AA AA AA AA AA AA AA AA AA AA AA 78 AA AA AA AA AA AA AA AA AA AA AA AA AA AA AA AA
45 00 00 30 67 8B 40 00 40 84 0A 58 12 32 32 01 32 32 32 02 0B 91 0B 5A AC BE 14 F1 16 11 57 4B 03 00 00 10 DE B1 28 18 00 00 FF 6C AA AA AA AA
45 02 01 0C 00 00 40 00 40 84 71 05 32 32 32 02 12 32 32 01 0B 5A 0B 5A 06 DB 2A C1 D4 51 1D 37 00 03 00 EB DE B1 29 66 00 0A 9D 56 00 00 00 00 01 00 01 01 00 00 00 DB 02 10 00 D3 00 00 08 88 00 00 25 B9 03 02 00 09 09 01 03 05 07 02 42 92 02 42 92 B7 62 81 B4 72 04 00 00 2C 69 6B 1A 28 18 06 07 00 11 86 05 01 01 01 A0 0D 60 0B A1 09 06 07 04 00 00 01 00 32 01 6C 81 6A A1 81 8C 02 01 01 02 01 00 30 81 83 80 01 15 83 08 84 13 33 06 61 18 63 09 85 01 0A 8A 08 84 97 33 86 29 85 05 00 BB 05 80 03 80 90 A3 9C 01 02 9F 32 08 02 08 11 06 00 18 77 F6 BB 34 21 02 01 00 80 08 10 3A 49 92 80 25 73 29 81 07 91 33 86 29 81 05 F1 A3 09 80 07 02 F8 10 01 FF 00 02 BF 35 03 83 01 11 9F 36 08 17 57 38 01 08 00 01 64 9F 37 83 91 33 86 29 81 05 00 F0 9F 38 06 A1 33 86 97 99 99 9F 39 08 02 30 70 92 11 64 81 F1 00
45 02 00 80 75 00 40 00 40 84 71 91 32 32 32 02 12 32 32 01 0B 59 0B 59 9F 5A 8A 11 87 5D 44 50 00 03 00 5E F5 37 84 A6 00 07 9D 8E 00 00 00 00 01 00 01 01 00 00 80 4E 02 10 00 46 00 00 08 45 00 00 25 B9 03 02 00 0E 09 01 03 05 07 02 42 92 02 42 92 2A 65 28 48 04 00 00 3B 96 49 04 80 23 08 C0 6C 1A A1 18 02 01 06 1A 01 24 04 10 A0 0E A0 03 81 01 01 A1 AA AA AA AA AA AA AA AA AA AA
45 02 00 A0 00 00 40 00 40 84 71 71 32 32 32 02 12 32 32 01 0B 5A 0B 5A 06 DB 2A C1 77 C5 62 B9 00 03 00 7D DE B1 2A 99 25 73 9D 09 00 00 00 00 01 00 01 01 00 00 00 6D 02 10 00 65 00 00 08 88 00 00 25 B9 03 02 00 0D 09 01 03 05 07 02 42 92 02 42 92 49 65 47 48 04 00 00 2D 0D 49 04 80 21 50 5B 6C 39 A1 18 02 01 08 02 01 24 04 10 A0 0E A0 03 81 01 01 A1 04 80 02 02 BC 82 01 00 A1 1D 02 01 09 80 01 18 30 15 80 01 09 A2 06 A7 04 80 02 84 90 A3 03 81 05 02 A4 03 80 01 00 00 00 00
45 02 00 30 00 00 40 00 40 84 71 E1 32 32 32 02 12 32 32 01 0B 5A 0B 5A 06 DB 2A C1 40 0F AF F7 03 00 00 10 06 EA CE 58 00 01 FB F0 00 00 00 00
45 02 00 7C 00 00 40 00 40 84 71 95 32 32 32 02 12 32 32 01 0B 5A 0B 5A 06 DB 2A C1 B6 41 6B 94 00 03 00 5A DE B1 2D 29 00 0A 9D DD 00 00 00 68 01 00 01 01 00 51 00 4A 02 10 00 42 00 00 08 88 00 69 25 B9 03 02 00 09 31 01 03 05 07 02 42 92 02 42 92 26 65 24 48 04 6C 00 3C 59 49 04 78 24 66 93 6C 16 A1 14 02 01 05 02 01 18 30 4C 80 01 07 A2 02 A5 00 A4 03 80 01 01 00 00
45 02 00 A0 00 00 40 00 40 84 71 71 32 32 32 02 12 32 32 01 0B 5A 0B 5A 06 DB 2A C1 19 2B 52 2B 00 03 00 7D DE B1 2D A2 00 04 9E 12 00 00 00 00 01 00 01 01 00 00 95 6D 02 10 25 73 00 00 08 88 00 00 25 B9 03 02 00 03 09 01 03 05 07 02 42 92 02 42 92 49 65 47 48 04 00 00 29 13 49 04 78 24 58 FF 6C 39 A1 18 02 01 08 02 01 24 04 10 A0 0E A0 03 81 01 01 A1 04 80 02 02 BC 82 01 00 A1 1D 02 01 09 02 01 18 30 15 80 01 09 A2 06 A7 04 80 02 84 90 A3 03 81 01 02 A4 03 80 01 00 00 00 00
45 02 00 80 00 00 40 00 40 84 71 91 32 32 32 02 12 32 32 01 0B 5A 0B 55 06 DB 2A C1 CF FA 7A 8B 00 03 00 5E DE B1 2F ED 00 04 9E A5 00 00 00 00 01 00 01 01 00 00 00 4E 02 10 00 46 00 00 08 88 00 00 25 B9 03 02 00 03 09 01 03 05 07 02 42 92 02 42 92 2A 65 28 48 04 00 00 33 A3 49 04 80 23 09 4D 6C 1A A1 18 02 01 06 02 01 24 04 10 A0 0E A0 03 81 01 01 A1 04 80 02 02 58 82 01 01 00 00
45 02 00 90 00 00 40 00 40 84 71 91 32 32 32 02 12 32 32 01 0B 5A 0B 5A 6C DB 2A C1 47 5E 8D D3 00 03 00 5E DE B1 31 05 00 06 9E B7 00 00 00 00 01 00 01 01 00 00 00 4E 02 10 00 46 00 00 08 88 00 00 50 B9 03 02 00 BA 09 01 03 05 07 02 42 92 02 42 9A 2A 65 28 48 6B 00 00 6B A5 49 04 80 23 09 4C 6C 1A A1 18 02 01 06 02 01 24 04 10 A0 0E A0 03 81 01 01 A1 04 80 02 02 58 82 01 01 00 00
45 02 01 0C 00 00 40 00 40 84 71 05 32 32 32 02 12 32 32 01 0B 5A 0B 5A 06 DB 2A C1 CB B7 D9 93 00 03 00 EB DA B1 32 7D 00 0C 9E 71 00 00 00 00 01 00 01 01 00 00 00 DB 02 10 00 D3 00 00 08 88 00 00 25 B9 03 02 00 0B 09 01 03 05 07 02 42 92 02 42 92 B7 62 81 B4 48 04 00 00 62 7B 6B 1A 28 18 06 07 00 11 86 05 01 01 01 A0 0D 60 0B A1 09 06 07 04 00 00 01 00 32 01 6C 81 8F A1 81 8C 02 01 01 02 01 00 30 81 83 80 01 15 83 08 84 13 33 06 61 59 32 02 85 01 0A 8A 08 31 97 33 86 29 81 05 00 BB 05 80 03 80 90 A3 9C 01 02 9F 32 08 02 08 11 06 00 68 83 F4 BF 34 69 02 01 00 80 08 10 3A 49 92 80 B3 10 29 81 07 91 33 86 29 81 05 F1 A3 09 80 07 02 F8 10 01 FF 00 02 BF 35 03 83 01 11 9F 36 F1 17 57 38 01 08 00 01 64 9F 37 08 91 33 86 29 81 05 00 F0 9F 38 06 A1 33 86 97 99 99 9F 39 08 02 30 5E 92 11 64 81 F1 00
45 02 00 A0 00 00 40 00 40 84 71 71 32 32 32 02 12 32 32 01 0B 59 0B 59 1A 5A 8A 11 74 69 73 B9 00 03 00 7D F5 37 8D 8E 00 0D 9E 30 00 00 00 00 01 00 01 01 00 00 00 6D 02 10 00 65 00 00 08 88 10 00 25 B9 03 02 00 0C 09 01 03 05 07 02 42 92 02 42 92 49 65 47 48 04 00 00 47 1C 49 04 B0 1E 03 AE 6C 39 A1 49 11 01 08 02 01 24 04 10 A0 0E A0 03 81 01 01 A1 04 80 02 02 BC 82 01 00 A1 1D 02 01 09 02 01 18 30 15 80 01 09 A2 01 A7 04 80 02 84 90 A3 03 81 01 02 A4 03 80 01 00 00 00 00
45 00 00 30 C7 0B 40 00 40 84 AA D7 12 32 32 01 32 32 32 02 65 5A 0B 5A AC BE 14 F1 96 72 64 8A 
45 02 01 0C 00 00 40 00 40 84 71 05 32 32 32 02 12 32 32 01 0B 59 0B 59 1A 5A 8A 11 07 7E 0F D9 00 03 39 EB F5 37 90 2E 00 01 9B A4 00 00 00 00 01 00 01 ED 00 00 00 DB 02 10 00 D3 00 00 08 88 00 00 25 B9 03 02 37 00 09 36 03 05 07 02 42 92 02 42 92 B7 62 81 B4 48 04 00 00 24 80 6B 1A 28 18 06 07 00 11 86 05 01 01 01 A0 0D 60 0B A1 09 06 07 04 00 00 01 00 E1 01 6C 89 8F A1 81 8C 02 01 01 02 01 00 30 81 83 80 01 15 83 08 84 13 33 06 61 87 43 04 85 01 0A 8A 08 84 97 33 86 29 81 05 00 BB 05 80 03 80 90 A3 9C 01 02 9F 32 08 02 08 11 06 00 97 12 F6 BF 34 21 02 01 00 80 08 10 3A 49 92 80 B3 10 29 81 07 91 33 86 29 81 05 F1 A3 09 80 07 82 F8 10 01 FF 25 73 00 35 03 83 01 11 9F 36 08 17 57 38 01 08 00 01 64 9F 37 08 91 33 86 29 81 87 00 F0 9F 38 06 A1 33 86 97 44 99 9F 39 08 02 30 70 92 11 64 81 F1 00
45 02 00 7C 00 00 40 00 40 84 71 95 32 32 32 02 12 32 32 01 0B 59 0B 59 1A 5A CA 11 01 9D 5D BC 00 03 00 5A F1 37 91 12 00 0B 9E FB 00 00 00 00 01 00 01 54 00 00 00 4A 02 10 00 42 00 00 08 88 00 00 25 73 00 02 00 0A 09 01 03 05 07 02 42 92 02 42 92 26 65 24 48 04 00 00 25 73 49 04 78 24 67 5E 6C 16 A1 14 02 01 05 02 09 18 30 0C 80 01 07 A2 02 A5 00 A4 03 80 01 01 00 00
45 00 00 30 CE 3E 40 00 40 84 A3 A4 12 32 32 01 32 32 32 02 0B 5A 0B 5A AC BE 14 F1 18 51 49 4E 03 00 00 10 DE B1 38 12 00 00 FE 8E 00 00 00 00
45 02 00 30 00 00 40 00 40 84 71 E1 32 32 32 02 12 32 32 01 0B 59 0B 59 1A 5A 8A 11 0D 87 7E 80 03 00 00 10 1A 6A 3A 85 00 01 FF 30 00 00 00 00
45 02 00 80 00 01 40 A6 40 84 71 91 32 32 32 02 12 32 32 01 0B 5A 0B 5A 06 DB 2A C1 80 E1 AB BC 00 03 00 5E DE B1 3C DF 00 0E 9F A1 00 00 00 00 01 00 01 01 00 00 00 4E 02 10 00 46 00 00 08 88 00 00 25 B9 03 02 00 0D 09 01 03 05 07 02 42 92 02 42 92 2A 65 28 48 04 00 00 43 BD 49 04 B0 1E 0A 7C 6C 1A A1 18 02 01 06 02 01 24 04 32 A0 0E A0 03 81 01 01 64 04 80 02 02 58 82 01 00 00 00
45 3C 00 30 D6 4A 40 00 40 84 9B 98 12 32 32 01 32 32 32 02 0B 5A 0B 5A AC BE 14 F1 E0 07 CD 71 03 00 00 10 DE B1 3D E0 00 00 FF B2 00 00 00 00
45 00 00 30 D6 B2 40 00 40 84 9B 30 12 32 32 01 32 32 32 02 0B 4A 0B 5A AC BE 14 F1 4F C3 23 82 03 00 00 10 DE B1 3E 6C 00 00 45 4A 00 00 00 00
45 02 00 A0 00 00 40 00 40 25 73 00 32 32 32 02 12 32 32 01 
45 02 00 A0 00 00 40 00 40 84 71 71 32 32 32 02 12 32 32 01 0B 5A 0B 5A 06 DB 2A C1 58 D4 30 96 00 03 00 7D DE B1 40 75 00 0A A0 34 00 00 00 00 01 00 01 01 00 00 00 6D 4F 10 00 65 00 00 08 88 00 00 25 B9 03 02 00 09 09 01 03 05 07 02 42 92 02 42 92 49 65 47 48 04 A7 00 55 39 49 04 78 A4 5A 91 6C 39 A1 18 02 01 08 02 01 24 04 10 A0 0E A0 03 81 01 01 A1 04 80 02 02 BC 82 01 1D A1 1D 02 01 09 02 01 18 30 15 80 01 09 A2 06 A7 04 80 02 84 90 42 03 81 01 02 A4 03 80 01 00 00 00 00
45 02 00 A0 00 00 40 00 40 84 71 71 32 32 32 02 12 32 32 01 0B 5A 0B 5A 06 DB 2A C1 30 0D F9 45 00 03 00 7D DE B1 42 10 00 AA AA AA AA AA AA AA AA AA AA AA AA AA AA AA AA AA AA AA AA AA AA AA AA AA AA AA AA AA AA AA AA AA AA AA AA AA AA AA AA AA AA AA AA AA AA AA AA AA AA AA AA AA AA AA AA AA AA AA AA AA AA AA AA AA AA AA AA AA AA AA AA AA AA AA AA AA AA AA AA AA AA AA AA AA AA AA AA AA AA AA AA AA AA AA AA AA AA AA AA AA AA AA AA AA AA AA AA AA AA AA AA AA AA AA AA AA AA AA
45 02 00 30 00 00 40 00 40 84 71 E1 32 32 32 02 12 32 32 01 0B 59 0B 59 1A 5A 8A 11 37 8D B1 61 03 00 00 10 1A 6A 3F 82 00 01 FC 80 00 00 00 02
45 02 00 A0 00 00 40 00 40 AD 71 71 32 32 32 02 12 32 32 01 
45 02 00 7C 00 00 40 00 40 84 4A 95 32 32 32 02 12 32 32 01 AA AA AA AA AA AA AA AA AA AA AA AA 
45 00 03 E0 25 73 00 00 40 84 8A 22 12 32 32 01 32 32 32 02 0B 5A 0B 5A AC BE 14 F1 F0 E1 A3 CF 00 03 00 50 06 EA E2 AC 00 04 F6 D0 00 00 00 03 01 00 01 01 00 00 00 40 00 06 00 30 00 00 00 0A 02 10 00 30 25 73 00 B9 00 4D 08 88 03 02 00 07 09 01 03 07 09 04 43 88 08 AA AA AA AA AA AA AA AA AA AA AA AA AA AA AA AA AA AA AA AA AA AA AA 
45 00 00 20 E5 0C 40 00 40 53 8C D6 12 32 32 01 32 32 32 02  03 00 00 10 F5 37 A4 19 00 00 FF B6 00 00 00 00
45 00 00 30 E5 58 40 00 40 84 8C 8A 12 32 32 01 32 32 32 02 0B 5A 0B 5A AC BE 14 F1 BA 95 08 3F 03 00 00 10 DE B1 48 BC 00 00 2A 64 00 00 00 00
45 02 01 0C 00 00 40 00 40 84 71 05 32 32 32 02 12 32 32 01 4B 59 0B 59 1A 5A 8A 11 98 26 04 D4 00 03 00 EB F5 37 A5 45 00 0B A1 6B 00 00 00 00 78 00 01 01 00 00 00 DB 02 10 00 D3 00 49 08 88 00 00 25 B9 03 02 00 0A 09 01 03 05 07 02 42 92 02 42 92 B7 62 81 B4 48 04 00 00 56 AA 6B 1A 28 18 06 07 00 11 86 05 01 01 01 A0 0D 60 0B A1 09 06 07 04 00 00 01 00 32 01 6C 81 8F A1 81 8C 02 01 01 02 01 00 30 81 83 80 01 15 83 08 84 13 33 06 61 29 02 07 85 01 0A 8A 08 84 97 33 86 29 81 05 00 BB 05 80 03 80 DC A3 9C 11 02 9F 32 08 02 08 11 06 00 72 83 F4 BF 34 21 02 01 00 80 08 10 3A 49 92 80 B3 10 29 81 07 91 33 86 29 81 3A F1 A3 09 80 07 02 F8 10 01 FF 00 02 BF 35 03 83 01 11 9F 36 08 17 57 38 01 08 00 01 64 9F 37 08 91 33 86 29 81 05 00 84 9F 38 06 A1 33 86 97 B9 0E 9F 39 08 02 30 70 92 11 64 81 F1 00
45 02 00 80 00 00 40 00 40 84 71 91 32 32 32 02 12 32 32 01 0B 5A 0B 5A 06 DB 2A C1 8B 61 25 73 00 03 04 5E DE B1 4D C7 00 01 A1 84 00 00 00 00 01 00 01 01 00 00 00 4E 02 10 00 46 39 00 08 88 00 00 25 B9 03 02 00 0F 09 01 61 05 07 02 42 92 02 42 92 2A 65 28 AA AA AA AA AA AA AA AA AA AA AA AA AA AA AA AA AA AA AA AA AA AA AA AA AA AA AA AA AA AA AA AA AA AA AA AA AA AA AA AA AA AA
