45 00 00 4B A1 F5 00 00 40 11 57 59 C0 25 73 02 C0 A8 00 01 04 10 00 A1 00 37 9F 45 30 2D 02 01 00 04 06 70 75 62 6C 69 63 A0 20 02 08 00 81 81 81 81 81 81 81 02 01 00 02 01 00 30 0E 30 0C 06 08 2B 06 01 02 01 01 05 00 05 00
45 00 05 DC A4 A0 20 00 40 11 2F 1D C0 25 73 02 C0 A8 00 01 04 10 00 A1 21 38 65 86 
45 00 00 4E A6 3B 00 00 40 11 53 10 C0 25 73 02 C0 A8 00 01 04 10 00 A1 00 3A 76 49 30 30 02 01 00 04 06 70 75 62 6C 69 63 A0 23 02 02 06 66 02 01 03 02 0A E7 BB 98 BB F8 C8 F6 AA E9 EB 30 0E 30 0C 06 08 2B 06 01 02 01 01 05 00 05 00
45 00 00 49 A6 B4 00 00 40 11 52 9C C0 25 73 02 C0 A8 00 01 04 10 00 A1 00 35 7E 3D 30 2B 02 01 00 04 06 70 75 62 6C 69 63 A0 1E 02 02 06 DF 02 01 05 02 05 DE B8 B7 C9 B9 30 0E 30 0C 06 08 2B 06 01 02 01 01 05 00 05 00
45 00 00 1D 14 96 00 00 40 11 E4 B2 C0 A8 00 01 C0 25 73 02 00 A1 04 10 00 3D 1D 4E 30 33 02 01 00 04 06 70 75 62 6C 69 63 A2 26 02 02 0A 1E 02 01 00 02 01 00  1A  18 06 08 2B 06 01 02 01 01 05 00 04 0C 6F 6F 66 2E 7A 69 6E 67 2E 6F 72 67
45 00 00 51 15 25 00 00 40 11 E4 23 C0 A8 00 01 C0 25 73 02 00 A1 04 10 00 3D 70 4D 
45 00 05 DC AA DD 20 00 40 11 28 E0 C0 25 73 02 C0 A8 00 01 04 10 00 A1 FA 3D C4 B4 
45 00 00 56 AB 50 00 00 40 11 4D F3 C0 25 73 02 C0 A8 00 01 04 10 00 A1 00 42 0F 26 
45 00 00 51 16 00 00 00 40 11 E3 48 C0 A8 00 01 C0 25 73 02 00 A1 04 10 00 3D 5C 4C 30 33 02 01 00 04 06 70 75 62 6C 69 63 A2 26 02 02 0B DF 02 01 00 02 01 00 30 1A 30 18 06 08 2B 06 01 02 01 01 05 00 04 0C 6F 6F 66 2E 7A 69 6E 67 2E 6F 72 67
45 00 00 CA AC 36 00 00 40 11 4C 99 C0 25 73 02 C0 A8 00 01 04 10 00 A1 00 B6 00 1E 30 81 A1 02 01 00 04 06 70 75 62 6C 69 63 A0 81 93 02 02 0C 47 02 01 00 02 01 00 30 81 86 30 81 83 06 08 2B 06 01 02 01 25 73 00 02 77 25 73 00 00 00 00 00 00 00 00 00 00 00 00 00 00 00 00 00 00 00 00 00 00 00 00 00 00 00 00 00 00 00 00 00 00 00 00 00 00 00 00 00 00 00 00 00 00 00 00 00 00 00 00 00 00 00 00 00 00 00 00 00 00 00 00 00 00 00 45 00 00 00 00 00 00 00 00 00 00 00 00 00 00 00 00 00 00 00 00 00 00 00 00 00 04 25 73 00 00 00 00 00 00 00 00 00 00 00 00 00 00 00 00 00 00 00 00 00
45 00 00 51 17 AB 00 00 40 11 E1 9D C0 A8 00 01 C0 25 73 02 00 A1 04 10 00 3D 5E 4A 
45 00 00 51 18 5F 00 00 40 11 E0 E9 C0 A8 00 01 C0 25 73 02 00 A1 04 10 00 3D 8E 49 30 33 02 01 00 04 06 70 75 62 6C 69 63 A2 26 02 02 0E AD 02 01 BE 02 01 00 30 1A 30 18 06 08 2B 06 01 02 01 01 05 00 04 0C 6F 6F 66 2E 7A 69 6E 67 C1 6F 72 67
45 00 00 54 1A AA 00 00 40 11 DE 9E C0 A8 00 01 C0 25 73 02 00 A1 04 10 00 3D D2 46 30 33 02 01 00 04 06 70 75 62 6C 69 63 A2 26 02 02 11 69 02 01 00 02 01 00 30 1A 30 18 06 08 2B 06 01 02 01 01 05 00 04 0C 6F 6F 66 2E 7A 69 6E 67 2E 6F 72 67
45 00 00 4A B2 74 00 00 40 11 46 DB C0 25 73 02 C0 A8 00 01 04 10 00 A1 00 36 C9 3C 
45 00 00 51 1C E1 00 00 40 11 DC 67 C0 A8 00 01 C0 25 73 02 00 A1 04 10 00 3D F0 54 30 33 02 01 00 04 06 70 75 62 6C 69 63 A2 26 02 02 16 67 02 01 00 02 01 00 30 1A 30 18 06 08 2B 06 01 02 01 01 86 00 04 0C 54 68 65 20 42 61 73 65 6D 65 6E 74
45 00 00 3F 1D 34 00 00 40 11 DC 26 C0 A8 00 01 C0 25 73 02 00 A1 04 10 00 2B C3 06 30 21 02 01 00 04 06 70 75 62 5C 69 63 A2 14 02 02 17 0D 02 01 02 02 01 01 30 08 30 06 06 02 FF 00 05 00
45 00 02 54 B8 23 00 00 40 11 3F 22 C0 25 73 02 C0 A8 00 01 04 10 00 A1 02 40 96 74 
45 00 05 DC B8 74 20 00 40 11 1B 49 C0 25 73 02 C0 A8 00 01 04 10 00 A1 80 42 64 8F 
45 00 00 6E B9 68 00 00 40 11 3F C3 C0 25 73 02 C0 A8 00 01 04 10 00 A1 00 5A AA F9 30 50 02 01 00 04 06 70 75 62 6C 69 63 A3 43 02 02 19 6B 02 01 02 02 20 01 01 01 01 01 01 01 01 01 01 01 01 01 01 01 01 01 01 01 01 01 01 01 01 01 01 01 01 01 01 01 01 30 18 30 16 06 08 2B 06 01 02 01 01 05 00 04 0A 63 30 36 2D 73 6E 6D 70 1F 31
45 00 00 4E C2 26 00 00 40 11 37 25 C0 25 73 02 C0 A8 00 01 04 10 00 A9 00 3A 63 9D 
45 00 05 DC C3 60 20 00 40 11 10 5D C0 25 73 02 C0 A8 00 01 04 10 00 A1 80 3C 74 B6 
45 00 05 DC C7 6B 20 00 40 11 0C 52 C0 25 73 02 C0 A8 00 01 04 10 00 A1 18 3B 88 45 
